86 INDEX VERBORUM.

mwawumww4
666W66166
6ffl66665ffln
616'66666
ffimffimmm

vawmmeQ
64616Qw,7

28, 7.

γῆρας 70, 11.
γίγαντας 39, 13.
γιγαντοφόντις 39, 14.

γίνεσθαιὸ, 13. 65, 13. γίνε-
ται3,.9 4,.10 4,18.,.59
20, 18. 28, 13. 29, 1. 58, 15.
γίνηται 7, 2 19, 21. γινό·
μενος 54,19. γινομένην8,
152170,7. ης2715
γινόμενον 54, 18. 59, 18. γι-
6⁶26? 1⁷2} 16 144160‘4
53,13. -ἑνας 4516. -ἑνους
11, 7 -ένων3, 2. 6, 1. 7,
16. 10,5,6 12,112, 15.
42, 3. 49,11. 74, 22. 76,11.
γενέσθαι 4, 2, 8. 14, 13. 28
3. 28,16. 31, 10. 33,6, 7.
33,16. 35, 9. 39,16. 41, 6.
44, 24. 53, 12. 70, 3. ἐγέ-
νετο6,8. 812 14, 5. 27,
9.,293,4. 30,9.,323. ἐγέ-
νοντο 40, 2. 76, 3. γε’νηται
13, 2. γένοιτο 31, 14. γε-
νομένη 33,.3 γενομένης 54,
11. γενόμενον 28, 8. 35, 4.
63, 14. γενόμενα 41, 22. γε·
νομὲνονς 39, 15. 44,13. γε-
νομένων 85,19. γενήσεται
28,11. γεγονέναι9, 3. 26,
8. 28, 19. 29, 16. 36, 11. 48,
18. 56,19. 63,11. γέγονεν
21, 10. γεγόνόιοτν3, 18. 11,
4, 5 γεγονότα 31, 6. γεγο-
νότος 6,11. γεγονυῖαν 44,
23. γεγονότες 40, 3. γεγο-

νότας 16, 9 γεγονυίας 19,
6662640686 22,.2 ξγνω 33,2
γλαυκόν 36, 20. -6 36, 17.
γλαυκότητι 757

-ος 10, 20. 3616.

γλαυκώπιδι 37,6.

γλαυκωττόν 38, 21.

γλαόξ 37, 5.

γλαφυρά 38, 17.
γλευκους62, 15.
γλυυόκαρπον 18, 13.

γλυκείας 16, 17.

γλῶτταν 37, 3 ymnum, 4.
γνώμην 47, 5.

γόνιμος 23, 19.
γονυπετοῦντας 12, 7.
Γοργόνος 37, 2.

γοργωπόν 36, 14.

γοῦν7, 21. 18, 2. 22, 9. 25,
21.50,18.

γράμματα 18,10.

γυμνητείας 19, 15.

γομνον 63, 16. -α419, 10.
γυμνότης 59,18.

ι,.,.γυνή3, 15. 71, 2. -αἴκα 8,

12. 34, 6, 7. utut 33 3.
-αἴαες 60, 9. -αιιιοις 23, 9.
-αιυῶν 73, 14.

γόττα 41, 15.

Δ.

δαιμόνιε 26, 6.

δαιμονίως 68, 3.

δαίμων cf. Ἀγαθός 6. -ονας
76, 2.

δαίνυσθαι 52, 13.

Ιδαιτός 62, 9, 10.

δαμάζεται 34, 15.
δαμόσιττττον 39, 7.
όααανᾶται 7, 5.
δασύτητα 49, 7.

 

