100

κακίαν 37, 14.
κακοῖς 11, 14. 37, 12.
κακοῦν 21, 9.

καλεῖν] καλοῦμεν3, 9. 7,14.
καλοῦσι(ν ν,)8 7. 9, 5. 22, 6.

38, 10. 44, 8. 44, 17, 18.
1κ.αλο3ντων 75, 3. ἐκοί-

45Ἥ533555

5Η5535655
wmaNJQ2ffi4Q
17. 72, 18. καλεῖσθαι 8, 4.
καλεῖται2, 4. 3, 5. 5, 2. 43,
14. 46, 4. 47, 19. 57, 8. 59,
3. καλοῦνται 14, 7. 65,4 .
ίκλή3η2, 12 5, 7 9, 11.
37,19. 39 3 53, 10. 54, 9.
60,.8 61,12. 65,2. 68,4.
69, 10. κληθεῖσα4, 13. κεκλῆ-
3352, 2. κέκληται 20, 21.
30, 19, κεκλημένος 58, 2.
καλλιεπής 17, 7.

Καλλιόπη 17, 6.

κὰλλιστα2, 5.

κάλλιστος 66, 17. καλλίστη, 45,
8. καλλίστην 29, 2.
καλλίφονος 17, 6.
καλόν34,19.48,6. -λῶν(πῶν-)
καλ1ίπτοι29, 7. πτεσθαι 5317.
καλῶς 19, 30. 51,16 55,17.
κάμνειν] κεκμηκέναι2, 9.
Μ(ΞΜΜΜ,Μ.βΜ
ἒοίν) 46, 8.

κολν53, 14. 70,17.

κοίος 28, 9.

κάπρος 54, 21.

καρπον 56 21. ον 54 20, 21.
60,1 οις 51 13. ον 50 22.
καρποφόρων 23, 6.
καρτερώτατον 63, 21.

κατοίσ. acc. 43. 4,.,134
15. 5, 1. 5, 2, 3. 5, 4. 5, 5.
5, 10. 6, 8. 7, 2. 7, 3. 8,10.

¹ 3554555,3.

INDEX VERBORUM.

5Ὕ5551Ήι.5
35 53555
554 4¹4Wfflffi⁵m
5.5ν. Μο4535
3Μ5451355,
45,3NJ4⁷744
w2m15555
5,5’535555
5,5555353
3ᾙ35κ555
53Μκ5κ55
55555553
55555355
53555353
5555555
555
55.

4,13. 49,11.
.1, 8. 51, 13.

, .
72,11. 73,13.. 73,18 73, 20.
54555555
κατοίσ. gen. 39, 16. 40, 9.
54,14.55, 1. 61, 21.
καταβι βρωσκομένον 32, 16.
καταδεδειχὲναι 61, 18
καταθέλγεσθαι 22, 21.
καταιβάτης9, 13.
καταιμίὸας9, 8.

κατάλληλον 34, 16, 17. 39, 3
καταπαύειν] κατεπανον 5316.
καταπίνειν 6, 20. καταπιών
35, 19. καταποθείς 7, 14.
καταποθῆναι 7, 8.
καταπίπτειν] κατεπίττομεν 70,
καταπολεμεῖν] κατεπολέμησε
κατάποσις7,10, 11.
καταράττονσιὸ, 16.

 

