INDEX VERBORUM , 91

εἷς 49, 13. ἓν 51, 20. 62, 15.
55524, 12. 69, 3 ἕνί39, 10.
55551613. μι’5ι8, 11. 13,
5. 15,19. μίαν 20, 1. 20,
13. 34,.8 55, 9. μῖ5ις31,.2
εἰσάγουσιν 60, 17. εἰσῆγεν 40,
8. -ιῖγετιιι 53, 29. 555μὲ555
42,15,16. 5155557513.
-ῆκτιιι 72, 8
15555514 5
5,.ἷ5576 20 9 21, 4. 29,
14. 42,1. 59,559,6.,62
18 6221 6612 724732
εἴτουν-εἴτε-εἴτε4, 12,13,
14νί1156155. εἴτοιιν-εἴτε
43,9. 47, 20, 21. 69, 17, 20.
51555551 46, 17.
ἐκ(ἔξ)2, 11515. 3, 18. 4 6
4,1,.0‘11815⁷‚.',12314
3. 15,11. 15, 12. 19, 1. 19,
2. 19, 3. 19, 6. 20,19. 21,
16. 22, 2. 23, 6. 23,10. 25,
1. 26, 14. 26, 18. 26, 19
1515. τι, 19. 55, 5, 15,.5
29, 1. 29,16. 31, 20. 32, 3.
32,11. 33,15. 34, 3. 34, 5.
34, 20. 35, 9. 35,18. 35, 21
38, 12. 39, 8. 39, 15. 40, 2.
40, 3. 41, 6. 41, 22. 42, 4.
43,13. 45,16. 45,18. 48,
17. 49,11. 49,14. 50, 9. 52,
1. 53, 13. 55, 7. 57, 6. 59, 1.
62,15. 63,13. 64,13. 65,
10. 68, 6. 69, 11. 70,10. 71,
13. 73, 3. 74, 19.
ἕκαθεν 65, 5
15315515.
ἕκαστος 27, 7 -άστου 17, 12.
24,12.24,14. 55551212.
13,9.13,18. -
ἑκατέρα 52, 5. 5155555 63, 19.
Εκάτη v. ἕκατος.
55515552053 65, 7.
ἑκατόγχειρα 27, 12.
ἕκατος 65, 5. Ἓκατον 65, 8.

5115155655. Εκάτη 72, 8.
Εκτὶτην 55, 8.

ἐκβαλών 7, 20.
ἐκ 555556555555 32, 21.

55555554415.

5555qust 60, 22. ,

ἐκδηλότερον 24, 17, 18.

ἐκδύεσθαι 70, 10.

ἕκεῖ3,13. 3313. 58,11.
ἒκιῖοε59, 7. 32, 12,13.
ἐκεῖνον 7, 8. ἔκείνῆν 35, 2.
-είνου 3,18. ε-ίνῳ 64, 8.
-είνων 21, 19. 48, ⁴4. 76, 9.
ἐκεῖσε 61, 5, 6. 74,, 7.
ἑκηβόλου 68, 6.
ἔκθηλύνοντος 38, 18.
ἕκθλιβομὲνου 58,16.
ἐκθορεῖν 35, 1

ἔκλύσεως 36, 5. 59, 11.
ἐκμειλισσομένων 41, 2. ’
ἔκμελείας 67, 19, 20.
ἐκπεσεῖν 55, ’.11

ἐκπυροῦν] ἐξ ξειι5ρώθη 27, 10.
ἐκστασεως 47 22. 59, 6, 7.
ἒκτεμνυύσης 51, 11 ἐκτεμεῖν
55505536, 18.

ἐκφανεστοῖτου 37, 3, 4.
ἔκφερειν] ἐξενήνεκται 46, 16.
ἐκφερομνθεῖν 61, 13.
ἔκ-χεῦε (1511155343, 7.
5151153820. ἕλ51ᾳ 10, 18.
natvm 39, 9.

ἔλαιον 39,1.-

ἒλαφηβόλ55 71, 12.

ἐλαφρούς 61, 6, 7.

51550151559,1,6 17.
Ἐλενθοῦς 73, 12.

Ἐλευσίν 54,8.

Ελευσίνιος 53 23. νίιι 54 10.

ἐλεύσεως 54, 10.

ἔλλειψιν (κατ’ -) 45, 22
Ἕλληνες 53, 14. ήνων 75,2.
-,ησι5 15.’ 55 5

11151555 18, 8.

 

