INDEX VERBORUM. 79

ἁλισκόμενοι 47, 8.
ἀλκήν 40, 18. -ής 63, 3.
ἀλκιμώτατον 63, 20. τατα 36
Ἀλκμήνης 63, 10.
ἀλλά2, 16. 20,17. 20,23. 21,
ωάωωωωωω
3. 51, 20. 62, 17. 61, 10. 63,
17. 67,13. 67, 20. 76 3
76,12. -
ἀλλήλαις 16, 14. -οις 67, 2.
66, 10. 69, 16. οος 10 2.
40,12. 66, 16 67, 21 -ων39,
1640, 9.67, 11, 62, 14
ἀλλοδεν 36, 21.
ἀλλοίαν 36, 17. Ιοἷοι 40, 2.
ἀλλος] -η13, 8. -ήν 19, 10.
42, 3. 43, 11. 73, 18. 73, 20.
·,018 2. 24, 17. 33,7.,44
23. 72, 10. 73 6 -.ο,ν810
13, 3. ’40, 14. 42, 20. -οίι39,
2. -α32,3. ταλλα 20 21.
38,16. 76,·.18 αλλαι 26 9
bis. -ας30,.7 οι2,3. 19,
8. 27, 6. 36, 6. 37,14. 70,6.
-οις 13, 6. 26,11. 32,18. 61,
17. 60, 1. 66,19. 67,19.-οος
6,8. -ων2, 11. 10,6. 12,
13.,.’,.,.,’136173426469
49,19. 68,1.
ἀλλότριος 68,10. ἀλλοτρία 46,
ἀλλοτρίας 64, 16. 68, 14,
ἀλλως7,10.7,16.9,198.
9,.1315,.19 233397.
42, 14. 48, 9. 66, 8.

, ἀλογον 64, 2. -όγοος 60,8.

ἀλόγως 28, 2.

ἀλύσεοι 26, 18.

Αλωείδας 44,14.

ἀμα 17,10. (-...καὶ) 29,
1. 48,7 61, 18. 66, 23. 61,
6. 68, 9. 70, 11.

ἀμαλδόνει 61, 21.

Ἀμαλθείας 61, 17, 18.

αμαρτάνειν11, 1. -όντων11, 16.
ἀμβλυτέραν 66, 14.
ἀμεβεξίαν 76, 14.
ἀμείβεσθαι 19, 19.

ἀμείνους 64, 7.

ἀμελοῦντι 26, 4.

ἀμήτωρ 36, 17.

ἀμιάντοο 36, 9.

ἀμικτον8, 17

ἀμματι 23, 2.

ἀμοιβῆς 19, 20. 20, 3.
ἀμπελον 68, 6. 62, 3. ἀμπελοι
61, 3. 62,1 20. ἀμπέλων 60,
23.6,..,.116186031
ἀμφιδήριτον 66, 16.

Ἀμφιτρίτη 43, 9

Ἀμφιτρύωνος 63, 10.

ἀμφοῖν 34, 20.

ἀμφότεροι 38, 2. -α 46, 1
-έροος 63, 11. 66, 3.
ἀν3,.,’.,.’,.,,1374672716
8,16. 11,.,16132.,1311.
17, 9. 23, 21. 26, 4. 26,11.
30,2 31134116 469
60,16. 60, 24. 63, 12. 63,19.
ἅ63, 22. 64, 14. 66, 7. 76,18.

=66v vide κάν.

ἀνάν16,19.64,18.
ἀναβαινόντων 61, 14.

ἀναβάλλεσθαι 70, 6.
ἀναβιβάσαντος 64, 3. ἀναβι-
βασαοης 63, 23.

ἀνάγειν] ἀγοντος 24, 3. ἀνα-
γαμεῖν 64, 16. 76, 1.
ἀναγκαίων 672

ἀναγκαιότατος 57, 20. -ον 63,
20, 21. -α 14, 6.

Ἀνρίγκη 13, 1.

ἀνάγκην 12, 9.

ἀναγωγήν 13, 3.
ἀναδεικνυμένων 60, 22.

ἀναδίδοται codd. 47, 10. -ομὲ-
νής 67, 13.

ἀναδοτικόν 63, 18 19.
ἀναθήματα 92, 9.

 

