INDEX VERBORUM.

λοὶσιοι 49, 6.

λατρείαν 64, 8

Λάχεσις 13, 8.

λέγειν 20, 22. λέμομεν2, 9,
10. 34, 10. λέγουσι(ν)25, 17.
42, 14. έλέγομ εν8,4. έλέιμον
36,8. 56, 18. λέ οντα65 15.
λέγέοθαι 2,1 8 50, 7. λέγε-
ται3,7 3,9. 3,13. 4,17.
6,2.09,.110,17.10,20.
11,18. 14,.3 17 21 2115
23 22 241 25,.2 2518
19 29,17. 32,5. 33,.6

103

λεπτομέρειαν 28,10.

λεπτομεριμνίας 32, 20.
λεπτομεροῦς 29, 12.
λεπτοπέρας8, 2.
λεπτότητα3, 19.
λεπτυνόμενος 29, 15. -μένου
λέσχαις 69, 15.

λεοχηνόριον 69, 14.
Λευκοθεα 44, 20.

mvndvm, 13. 44,21. α53 16
λευκοτατον 689 οίτου 53, 18.
λευκῶς 21, 12.

34, 4 34, 20, 35, 9. 37, 9, πυλέων 63, 20 -οντες 36, 17.

10 3823816 417
41, 13. 42, 11. 42, 21. 43,
18. 44,.3 44,.20 45,10,
54,21. 57,7. 586. 86,18.
70, 17. 74, 9. λεγονται 11
16 8,15 1.19,17.20,8
8λεγομένῆς 45, 21, 22.
73, 12.λεμομενον 2612. -έυου
29, 11. 51, 2, 3. λεγόμεναι
11,4. 11, 14. λεγομενων 74,
18. 75, 7 λεκτέον 41, 19.
52,5. έλέχ3η67, 11. είιίομεν
4.είποῦσαν7,8. -όντες
45,,3. -όντων 36, 3. είρῆ-
οθαι8,1 32,.1 47,12. 48,
15, 16. 56, 21. 59 20 66,.3.
εἴρηται6, 15. 14, 8. 18, '14
1913. 22,.5 429. 43,5.
43,15,16. 45,16. 47,14.
53,10. 55,17. 64,.5 69,
12. 76, 6. εἴρηνται 23, 10.
εἰρημένος εἴη 66,.8 -μένοα
7,3. 43,13. 67,7.- μένου
42,15.-με’νην22,19.-με’νης
4,10. -μένοις27, 12 -μένοον
54,.11 30,1 3111 ἐρρήθη
9,20. 28,19. melnae.
ῥηθέντων 29, 16
λείας 37, 19.
λείους 23, 18.
λεοντῆ 6312.

-οντας6, 1.

6260'62060 54, 22.

ληῖτις 37, 19.

λήξει 13, 8.

λίαν8, 4.

λιβάδος 75, 13.

Λίβυσι 26, 11.

λίθος7, 13, 14. -ου7, 6. -ους
λίμ2η 74, 23. 75, 4.

λιμός 56, 4.

λιμώπρειν 56, 2.

λιπαρόν 10, 19.

Λιτάς 12, 5.

λιτανείας 12, 10.

λογικήν 64,13. -όν 20, 20.
λομίομοῦ 26, 2. ’

λόγος4, 13. 8, 13, 14. 15, 5.
20,19. 21‚1’0. 23,19. 25,
19. 29, 5. 30, 8. 31, 9. 51,
13. 62, 23. -ον 7, 3. 8,10.
11,.418,.822,1.22,3.
23;.9 25,2. 34,8 3914
15. 3921 40,6,7 4014.
(κατὰ —)58, 8. 57, 13. 73, 13.
76,12. -,.ου255 26, 3. 37,
45. 57,12, ω2518 45,
14. 64,11. -οις25,17.-ους
5 2 48, 11. -ων49, 10
λοιμιιιιῖευ 65, 66.

 

