84 INDEX VERBORUM.

15. 19, 22. 20, 12. 20,15.
33, 8. 38, 19. 40, 3. 42,18.
43, 10. 48, 4. 49,11. 55,1.
56,957,.,.,.961862662,
8. 62,15.65, 10. 67, 19. 69,
19.,71,176,.,.87611

ὁ αὖτός41, 19. 49, 1. 49, 5.
ηαυτη 13 11. 35 7 73 7
ταύτά 19, 6. 62, 14 τῆς 66-
τῆς 51,16. 63, 9. τὸν αάτδν
7, 3. 24, 6. τοῦ αὐτοῦ 44,
9. 45, 2. 69, 19. τά αάτά
αάτῇ 5,1. αυτην 13 14. αδ-
τῆς 44, 17. αὑτὸν 20, 4, 5.
24, 1435, 21. αυτοο 3116.
6666 69, 6. αὑταῖς 73, 9.
αὑτῶν 15, 15. 16, 9. 59, 24.
ἀφαιρεῖν]ἀφη’ρουν 55,11, 12.
άφοινίζεται7, 4.

ἀφανισμόν 54, 14.

ἀφεσιν 65, 3, 4.

ἀφθαρτος2, 8

αφθονίαν56 13,14 ας5515.
ἀφθόνως 52, 12

ἀφίδρυμα 24, 18.

ἀριίνοιι 59, 6. 62, 2. 65, 6.
αφιεμενης 41, 9.

ἀφορᾶν 15, 17. ἀοιδάν 56, 3.
ἀφοσιούμενοι 46, 18.
ἀφροδισίους 467 ίαν 4517.
Ἀφροδίτη 45, 3. η55, 2, 3.

οι,4. -’,.,.ἠοοιι4ιοειτ,

19. ης 4518. 46, 14.47,3.
ἀφροδίτην 34,9.
άφρονέστερον 33, 4.
ἀφρόν 44,19. -o6 44, 21
ἀφράδη 65, 5. .
άφριον]” οιφρονας 45, 7.
ἀχαριστηθείς 20, 17
άχειρ23,11.23, 13.
ἀάχερουσία (λίμάη) 74, 23.
Ἀχὲριον 74, 22.

Ἀχιλλέα 65, 15.

61056' affiv 74, 23.

άχροιντον 73, 19.
ἀχρηστον 40, 9,10.
αχυριον 54, 6.
ἀχωρίστους 15, 14, 15.
άάροις 23, 21

Β.

βαβάκτης 59, 3.
βάζειν 62, 2.
βαθέως 31, 1.
βαθυδίνης 31, 1.

βαίνειν] βεβηκέναι 49, 2.

’βάκτρον 70, 12. βάκτρου 33,

22. βάκτροις 10, 12.

Βάκχαι 60, 19. 61, 10.
Βάκχος 59, 2.

βάλλειν 71, 7. 71, 8. 71, 9.
βασιλείας7, 20.

βασιλεάειν3, 6, 7. 3, 8. βα·
σιλεῦσαι7, 9.

βασιλεῦσιν 17, 10. -ῆες 68, 7.
βασιλικόν 10,11.

βάσεις 23, 14.

βοισσαρὲα 62, 1.

βαστάζοντα 48, 12.

βέλος 10, 13 -ῶν 64, 2.

βία 17, 6. 59, 14. βίαν 44 11.
βιαζόμενοι 60, 14.

βίαιον 34,17. 42,18, βιαίους
39,16 4412.

βιαιότερον 62, 6.

βίος 17, 13. βίον 16, 4. 26,
4. 32,19 54,11. 56, 24.
βίου 15, 18. 16, 11. 37, 21,
βλάβη 41, 1. -ην 65, 10, 11.
βλάπτειν 21, 9.

βλαπτικήνὲ 43, 14.

τά βεβοημὲνοι 31, 17.

βοράν 27, 16

βότρυς 62, 4. 62, 13
βουλαιον9, 16.

βούλεται 22,17. -όμενοι 71
13. -ομὲνιον 71, 1, 2. βου
ληθὲντος 76, 8.

 

