INDEX VERBORUM. 89

δίκειν 71, 9.

οικης 41, ιο.

Δίκη 67, 10. Δίκης 9, 20
δίκτιιννα 71, 8.

δίμορφσς 43,11.

δινιισδαι 31, 1, 2.

διο 64 6 66,13. 736
διοικητική 39, 4.
διοικοῦοα7, 12. -οόμεθα3,3.
δῖον 66, 4.

διόνοξος 67, 21.

Διόνυσος 67, 17. 67,21. 60,
3. 60, 26 61, 12. -όνυσον
62, 7. -νόσοο 69, 21. 62, 13.
62, 19. 62, 22. -666 60, 16.
διόρθωσιν 37, 16.

διττόν 60, 13, 14.

δίχα 33, 21. 67, 19.
δίχηλον 60, 13.

διώκειν 49, 14. διώκουσαν 72,
3. -οι111,13.

Διώνης 46, 2.

δοκειν13, 10 39,.3 40,1,2.
63,2.64,22.60,21.69,1.71, 17
δοκεῖ 23, 2. 33,11. 36, 21.
37, 3. 46,19. 46,13. 49, 2.
69, 19. 64, 17. 69, 6. 73, 7.
δοκοδσιίν ν)6, 6. 36, 13. 36, 11.
δοκοῦντα 14, 14. 70, 3. δο-
κοῦντι 47, 11. δοκοῦντος 38,
20.· ας 63 7. δοκουντων 761
δόξαι 13, 11. δόξαιεν 64, 14.
ἔδοξε (ν) 22, 16. 26, 6. 66,
17. 67, 16. 69, 22. 61, 17.
63, 16. 66, 2. 76, 16. ἔδοξαν
Δολίου 26, 13.
66666 19, 2.
ἐδόξασαν 36, 12.
δορικέντορα 39, 7.
δοτήρ 67, 13.

δρακων 377 70, 11. δράκοντα
70,.3 δρακοντες 22 29. 37,.6
-ιιόντων 64, 1.
δρᾶν 13, 14. 64, 3.
δραστικόιτιρον 66, 13, 14.
δρέπανον 61, 6.
δόεσθαι] ἔδ662,17.δόσετο
δόνδιμις4, 12. 13,11. 46, 4.
666 26, 3. 34, 4. 41, 20
ι
26,1.2 29,.2 4314. 46,3.
46, 6. 60, 20. 66,11. 66, 16.
71,10. -οίμεις43, 13.
δόώαοδαι 33, 21. 6917. 66·
ναιο 76, 2. δόνατυόι 10, 16.
69, 2 74, 29. οι ενος 27 2
μενους 34 6. -6666619, 12.
δυναστείας 10, 10 .
δυναστεύει 30, 14. -ιόεται 30.
δυνατός 22, 16
δόο16,1. 16619,17.19,
18. 26, 20. διιοιν 69 4. δυσί
16, 7 δόσι 26, 16.
δυσανώβατσν 13,13.
δυσαντίβλεπτον 38, 18.
δυσδιάκριια 63, 10.
δοοετομσλόηητον 36, 2.
δυσκάθεκτον 69, 16.
δυσκαταγώνιστον 33, 6.
δυολώτηι 23, 2.
δυσξόμβλητόν 67,6.
δοσιιαρυικολουθήτωνΒ, 3.
δυσπολιόρκητον 33, 6, 7.
δυσπόριστον 66, 14.
δυσφορωτώτους 36, 12.
δυσχρηστίας 32, 13
δώδεκα 64, 16.

¹ δωρεάς 19, 3

δῶρον 33, 21.

 

