110

ουρανια 46 4. ονρανια (τα -)
17, 4 -ίιίεν 72, 6.
ονρανοςΙ 1 ον2 2 9 8
9.,10 20. 17,.5 48, 12. 48,
16 -6620,19. 29,11. 32,
11,1134,3.-ῷ3,13.46,5.
06662627, 19. 18, 7. 29, 6.
29,10. Οὐρανοῦθ, 18.
069631, 4.
οὖς] ωτω160, 14.
οὖσία2, 10. 3, 19. 36,16.
-ας 6, 14. 28, 14. 66, 8.
οὔτε- οὔτε 10,8 23,15. 47,
9 οὕτε- -τε49, 1, 3.
οὖτος4, 17 7,14.10,2. 17,
16 60, 16. ίοῦτο1, 3. 2, 8.
3,6. 6, 8. 10, 9. 10, 18. 11,
8. 12, 4. 16,18. 19, 21. 20,

- 11. 22, ε. 11, 1. 13, 1. 26,

17. 32, 4. 33, 2. 34, 12. 41,
21. 46,11. 50,12. 53, 20.
68, 6. 69, 20. 60, 22. 63, 7.
66, 2. 66, 6. 68, 8, 70, 8. 76,
2. τοῦτονό 6 7 8 8,12.
11,3,.4 2613 33344,
, 16 489494542163,
13 66, 4, 6. 6062668, 12.
1719. 19,4.19,6.23,8.
29, 6. 37, 14. 37, 17. 42, 16.
43, 4 43, 18. 45, 18. 49, 13.
62,16. 69,12, 64,10, 64,
11. 65,18. vovum 3215. 61,
7.67,5.,.70670,9.,7118.
71,19. 72, 20. οὗτοι 30, 2.
τα8τα4,3 91 30,1. 41,
18. 57, 18. 66, 9. 66,18.
τούτοις 11, 18. 15, 7. 31, 5.
τούτους 408 τούτων7, 2.1
8,,,ἶ,.,.’,1693111718827
7 2916. 48,14. 50,17.
59 10 66623 6. 6, 8 6
11.13,12.37,13. ταύτην
4,.,8413.,613.,179.,27
8 292 32,.3 3614 40
13,’,.,’466481.62,’.,ἶ6627

INDEX VERBORUM.

53 4 53, 13. 63, 22. 67, 6.
66, 4. 72, 20. ταύτηςῙ, 3.
716 3426621 68,4. 7316.
ταύταις 70,14 ταύτας 62, 20.
οὕτω3,.3 412 72 9,20.
34,.’,’.9481150‚’.J.87618
οὔτως2,14.28,9. 30,8. 36,
10. 39, 21. 43, 10. 44, 7. 53.
764,,,.,206714766
ὀφείλουσιν 19, 5.

ὀφθαλμός 11, 20.
ὀφιοπλόιιαμοί 11, 13.

ὄφρα 29, 8. 56, 4.

ὀχεντήν 49, 9.

ὀχευτικόν 60, 26.

ὄχημα 64, 1.

ὀχλήσεσιν 71, 4,
ὀχυρότητος6, 5.

ὀχύρωμα 20, 23.

ὄψεως 31, 3. ὄψεις 11, 12.

.Π.

π 30, 12.

παγκαρπία 60, 20.

παιᾶνα 69, 17.

παιδείαν 14, 4. 15, 11. 18, 2.
33,1. -ας 16, 17.
πεπαιδεῦσθαι 15, 7, 8. πε-
παιδευμένους 16, 1.

παιδιᾶς 66, 14. 69, 6. 60, 14.
ω παιδίον 1,1.

παίζειν 68, 6.

παιήων 66, 2.

παιντιιιόν 49, 17.

παις 47, 4 ω παι 28 11. 41,
19. 52,6. 76,.2 παίδιιίνΒΙ, 10.
πάλαι 76, 1. οίπιίλαι66, 14.
παλαιας 3116. 63, 13. -οὗ
26, 1.6 -α 15, 8. ·οις26,
8. οι παλαιοι 16, 14. 17, 6.
211314 36762763
5,6. 76,.6 76,3. τῶν ὧν
30, 8. 64, 2. 64, 10.

 

