gg 15555551550555.

67‚7. 68, 1. 68,8. 68,10. διανέμονται 27, 18 -όμενοι
68, 11. 69, 1. 69, .89, 8. 66, 18.
81, 6. 72,8. 72, 78, 6 διανέμησις12,12.-ήσεως67,9.
1)ῑέ 64,σῖ ιι, 6. ιι, ιε. 6666646, 66. 66, ιο 54,5
3565. g. 2, 9. 3, 5. 6, 10 6 νοίας 2212. -νοίαις 47 7
12, 7, 21.11,21. 14, 6. 16, διάνοσος 68,1.
4,,118 8. 19, 16. 21, 20. 22, 6565555653555 68,2. 826 11.
17. 29, 8. 24, 14. 26, 12. 28, διασαλεοόντων 6,1 16.
14. 82, 18. 82,14. 88,12. διασπασθείς62,10.
99,19.88,19.89,1 4610. διαστατικός 41, 8.
48, 19. 44, 17. 46, 11. 48, 8. διασώζειν] δι46ωσεν 62,18.
49, 12. 60, 18. 64, 6. 64,16. διάταξιν 49,4.
66, 9. 67, 12 bis. 68, 6. 69, διαταττειν] διατέτακται 11, 11.
10. 61, 6. 62, 6. 64, 9. 66, 6 -τεταγμένα 18, 10. τετάχθαι
68868,16.,801.8,.014 66,2.
80, 18. 71, 5: 82, 16616. 74, διατείνειν 63, 8, 4. διατείνει
1,2 86, 4. 76, 6. 26, 4. 35555'565559, 18.
διαβεβηκότων 19, 2. διατιθέναι] 35565655 27, 11.
διεβόησαν 74, 8. διατμίζειν 66, 6.
διαγγέλλειν 21, 19. διάτορος 21,2.
3565555 21,2. διατρίβειν 49,12.
s διάδοσιν 26, 11. διατοιιοῦσι 18, 7, 8.
’ διαίνειν 68. ’ διαυγές 88, 19.
διαιρεῖ 18, 18. -66666ς6, 8. διαφαίνειν 68, 16, 17.
-616696, 1. διαφέρειν 98,1. διαφέροντος
διαιρέσεως 27,16. 40,17. διαφέρουσαν 46,10.
διαιρέτης 61, 15, 16 διδιφέρονται 40,17. διαφε-
διαιτᾶσθαι 60, 6. . ρομένοος 67, 11.
355555556555 88, 18. διαφθείρειν] 35553655131, 17.
διακεκεντημένος 46, 2, 8. διαφοραί 90, 2.
διακεκοσβῆ66662, 6, 6. διαφόροος9, 14.
διακοσμησεως 28,8 -ιιδσμησιν διδασκομένων 76, 16.
27, 9. 66, 4. διδόναι4, 18. δίδωσι 68, 16.
διακρατεῖ66αι 48, 14. διδόασιν 19,.8 99,10. δούς
διακρίνεσθαι 99, 18. 68, 12. 8, 6 35366355 19, 8. δέδο-
-εται 64, 6. ται 69,2. 66666866666,10.
διάκρισιν4, 4. 40, 11. διεξαγωγήνὸ, 6
διάκτορος 21, 1. διερδν 46, 9. 86, 10.
διαλαμβανειν]διείλ.ηιιται46 14 διήκουσαν 11, 21.
διαλείπειν 72, 2. διθύραμβος 61, 11.
διαλεκτικῶν 16, 19. δίδορον 81, 12.
διαλλαττοντας 84, 8. διικνεισθαι 69 22, 64, 1. 71, 10
6616666682. 3555565551571, 11'.
διαμερίζει 61, 14. δικαίου 99, 6.
Amnem 76, 17. δικαίοις» 66, 17, 18.

 

