INDEX VERBORUM.

16 ἰδίῳ 55, 8. ἰδίων 19, 7.
55, 12. κατ ἱδιαν 209 27,.7
ἰδιότητα4, 16.

ἰδίωςθ, 15.

ἱδρύεται 53, 6. -ονται 35, 8.
ἱδρυθείς 6910. ἱδρ5σ6αι53,

ῗ76ρυται 23, 22. -υνται 38,

5. ἱδρύσαντο 2,5 14. 67, 5.
ἱέναι] ιεσ6αι 47 29. ἦκα 26,15.
ἱερόν 67, 5.

ἱερός 10, 16. 68, 8. ον 41 15.
α4516ους71205ς67,6.
ἱκανή 38, 12. -οί 76, 4,
Ικεσίου 12, 4.

ἱκετευόντων 12, 8.

ἰκμᾶς42, 1. ἰκμόὶὃος3, 11. 75, 12.
ἱλαρῳ 34, 17. ἱλαρους 20 5,6.
ἱλαρότης 45, 11. ·τητι 60, 7.
ἱλαρῶς 20, 5.

ἱλάσκεσθαι 73, 5.

ἱμάς 46, 2.

Ἰχιερος 47, 19.
ἵνα 19, 8. 19, 13. 19, 21. 29,
7.40,11.69,16.
Ἰόβακχος 59, 3.
ἵππιος 43, 19, ἱππίαν 39,6.
ιπιιοις 44, 1. -ους 47, 15.· ·ων
Ιριν 22 5.

’Ίσιὸος 54, 17.
ἰ71ον(ω111.)55,3.(11),.589
ἵστασαν 16, 14. ἵσταται 49, 1.
ἱστόμενα2, 15,16. ἑστάναι
19,.,.2043152,6,529.
ἱστορει 284 ουσιν 36 10, 11.
ἱστορεῖται 7, 18. -όυμένων
ἱστορίας 17, 3. 63. 8. »
ἰσχειν 12, 9. 75, 10.

ἰσχύειν 21, 6
ἰσχυρός 21, 7, 8. -5 63, 1.
ἰσχύι 26, 2. -5ος 63, 2.
ἰσχυροτάτους 64, 10.

ἰσως 17, 1. 27, 1.3 34, 4. 50,
ιο. σεξ 10. 14, 19. 15, 4.

Ἴφιτος 47, 15.
ἱχ65ος6, 12. -5ων 43, 3.
Ἴωνες 30, 12

Κ.

κ 30, 12.

καθόίρειν 24, 15.
καθαιρετικός 61, 16.
καθάπερ 12, 19 28,3, 4 35,
11. 38,1. 38,.16 44ζὶ1 71,15.
καθάρειον 46, 10.

ν καθαρός 66,19. -όν 33, 13.

51,3. -ο536,,.89 -531‚.4
κυί6αρσιν 51, 6. -εις 68, 14.
καθαρωτάτῳ 6,6 15.
καθιεροῦσι521,4. 62,1. ε’-ρω-
σαν 73, 5.

καθιστάναι] καθεστώς 67, 1, 2. =
καθό 13, 7. 14, 6. 21, 3. 29,
5. 35, 8. 53, 14. 55,12. 59,
19. 60, 22.

καθωπλὶσθαι 51, 9. καθωπλι-
σμὲννχ 36, 10,

καθώς 22, 5.

καί passim καί- - 701227
κυὶκεῐνον7, 8. κᾶκεῖσε61, 5.

· καίχόρ3, 14. 4,9. 18,1

211415 22523925
17. 34,13. 36,16. 42,19.
44, 19. 66, 4. καλ-γάρ 2,
14, 15. 22, 14. 37, 20, 21.
καλ-65 5, 7. 7, 4. 20, 8
21, 8. 28, 10. 32, 8. 39,1.
39, 13. 40, 8. 47, 17. 61, 22.
62,16. 69,14. 70,12.
καί-και 52, 11, 12. 74, 24.
76, 3, 4.

καίνυσθαι] κεκασμένος 46, 2
καιόντων 75,1. καιομένῳ 34,
5. κεκα5σ6αι 75, 3.
καίνιὲρ 36, 4. 68, 11.
καιρον 20 3. 55, 13. -ῷ20,
5. οις 76 15. ους 5119.
καίτοι 75, 5. ’

ιχ*

 

