INDEX VERBORUM.

παλαιότατος 34, 14.
παλαίστραις 26, 1.

παλάμαις 11, 2, 3. 51, 14, 16.
παλαμναῖος 10 21, -άίοος
πάλιν1, 3 19, 20, 23, 8, 28,
2 2811 41,1. 61,12 62,
1. 62,11, 62,14. 64,9. 10, 2.
παλλαααί 38, 4.

Παλλάς 21, 6. 38, 2.
πάλληκες 38, 4.

παλλομενον 38, 5.
παμμέλανας 42, 13.

Πᾶνα 49, 5

πάνδημος 464

πανηγύρει 56, 24

Πανιηάς 50,1.

παννύχιον 31, 9.
πανοηργοτέραν 31, 16.
πανσέληνος 11, 8 ον1210,
πανταχόθεν 63, 11,
πανταχόσε 21, ’13,

πανταχοο 63 22 64, 11. 11, 15.
πάντοθεν 66, 5.

παντοίων 50, 2.
πάντως19,12, 13.

πάνο1, 2. 8, 6. 26,.434,16,
36, 20. 63,19. 56, 6.
πάππας 48, 2,

παρά ο, aec 13,13,1,3 14.
20, 21. 24, 14. 21, 16. 32,
18 4234244311( ὅσον)
46, 1, 41, 20, 54, 18. 55, 12.
58,1,,69185924606,
παράσ.δὀ1. 3,10, 6,11. 6,
16. 6,16, 6,18. 16, Ibis.
15, 2bis. 26 8 26, 9bis.
26,10.26,12.31,11. 34,
13, 36, 21, 41, 13. 4219, 44,
464,16. 6418 56255

.3.61,4.,6216.64,8,
παρά ο, gen. 21,19.31, 14.
παραβλῶπας 12, 8
παραγγείλας 10, 1,
παράγοντες 38,11. παράγεται

111

46,8, ήχθη 14, 23. -ήχθη-
σαν 16,10. -ήγαγον65μ3
παραγαγόν9, 21.
παραδειχθησομένην4, 16. --δε
δειγμεννν610,-δεδειγμένα
1, 6 16, 1, 2.
παραδεξαμένων 44, 3.
παραδιδοάσιν 20, 16. -δίδοται
39, 13, δίδονται 41 11. πα-
ραδοῦναι 16, 8. παρέδοσαν
64, 4, έ-δσοιιαν 25, 13. παρα-
δοντων 6212 δεδωνασιν 18
16. -ότων 41, 4. δεδόσθαι
44,23.16,18,16,1. --δέδο
ται 3, 16. 17, 16. 21, 18. 33,
19. 40, 14. 11, 2. -δέδονται
13, 13. -δεδόμένου 31, 19.
-μέναις 21, 21.
παράδοξον 41, 1, 2.
παραθέσει 1616.
παραιτία 42,1. -ας 16, 11,
παρακειμένη3, 12.
παρακειμένως46, 16, 16 66, 6, 7.
παρααμάζειν]παρηκμααός10, 8.
παρακολουθοῦσα 13, 21. -οόσας
60,16,11.
παρακοπάςδθ, 1.
1111111199 2³ ..113
112. παρειλημμένον11, 34.
παραλλήλων 69, 3.
παραμυθητέον 41, 20, 21,
παραπλησίαν 66, 11.
παρασκευάζεται 36, 12.

πριὲαρηάσει, 12, 1, 8’. -άσταοιν

παρατάξεις 64, 3, ·εσιν 41, 8. .

-εαν 39, 12.
παρατηροῦσα 14, 1.
παραφέρειν 2616.
παράφορον 69, 12.
παραηρῆμα 29, 6, 6.
παρδαλεις 36, 11. 60, 16.
παρδαλῆν 49, 18.
παρεδρία 6, 11,

 

