6661666666.Ι 83

66666666 60, 3.
ὐ,166τοὶ666136, 11.

αὖτε 22, 13. 47, 16.

αὐτίκα 18, 3.

6666366 66 2.

α6τόθι 64, 10.

αὖτός (666 -)4,18 14,6. 17,·
12. 43, 6. 60, 23. 61, 12. 60,
18 68,6. α6τοί (καὶ- -)16,
. 0,2 21. 40, 2. 40,12. -όν

9
2,
8,

2
3.2
9,3
,2

0.9,

18. 36, 8. 41, 1042, 12616.
42, 22. 42, 23. 47, 8. 47, 11.
48, 11. 60, 1.>60, 14. 61, 18.
61, 20. 60, 11. 60, 20, 61, 2.
62,.167,.,86713,69,2.
69, 8 70, 8. 6666 43, 8.
(661- -,)716. -ᾗ3, 18 6, 12.
6, 18. 6, 7. 7, 6. 7, 6. 29, 6.
36,16. 37, 2. 37, 20. 38, 8.
38, 16. 38, 21. 39, 9. 41, 22.
42,.,.,1426433’.,47263,

,.666.66666
,66166666

13,10.28,18. 29,12, 36,

,46666666
, 6666666
.,66666666

36946096022 6114.
62, 18. 63, 14. 64, 4. 64, 6.
66;.,’36620 67,’,’.26914
69,17. 74,11, 12. 74,17, 76,
9. 76, 16. 6666284661 -)
28,10.32,11. 36ἓ6 (καὶ- -)
63,2, 67,18. 66666111.
73,17 768767 -662,
7. 2, 10. 3, 16. 4,16. 6,3.
7, 6. 7, 9. 7, 13. 9,18. 10,
10. 10,17. 10,18. 21,16, 22,
9. 22, 21. 23,14. 24, 2. 24,
4. 26, 12. 28, 12, 30, 20. 31,
16. 32, 9. 34, 2. 34, 7. 34,
66666666
21. 42, 16. 43, 2bis. 48, 17
616, 49, 4. 49,9. 49, 1249,
16. 60, 20. 61, 6. 61, 10. 61,
13.,,,621687’,.,681469
1.,611.,624,,634.,367

67,6,.7 6722 68,.8 68,
12. 70,3. 70,.14 ῷ-7,.1
7,.,686(ips1).9,6. ’;.109
19,.,,,’.,’.12142162111
22,10. 23,16. 24,1. 24,
17, 29, 9. 32,16. 34, 6. 34,

866666666

66666ω66
66666666
6,46666666
6,666ω6666
6.6666666·
66666666
1.6666666

66666666

66,13, 66,6.67,12. 68,16.
71,10. 71,11. 71, 14. 71,
20, 72, 7, 72,12. 73,12 76,
6 666664, 17. 10, 1, 16,
12.16,16.23,1.24,13.28,
2 2819 34,.9 39,18. 66,
10. 6616. 66,19, 6213.
66, 3. 66, 11. 66, 13. 69,18.
aestate 14, 11. 17,11.17,14.
19, 8. 21,18, 66666219.
12,.416,2.16,.41610
17,8. 23,1. 27, 21. 39, 19.
461616. 60,.461,7.
66,3. 66,7. 6610 66 9.
7613, 76,3, 66666161.
18,7. 33,9, 6726116

66, 21 66666 4, 4 4 44
41W443444,444,4..44

Q*

 

