INDEX VERBORUM. 97

15.6,.9671,9741674
20. 74, 21. 6- 66, 2, 4.
66n 26, 14.

6quam 10, 14, 19, 4. 33, 6.-
33, 7. 36, 21. 37, 16, 40,1.6
42, 344, 23. 73, 6

‘'H66 64, 4. ’

αἰνεῖσθαι 18, 8. ἡγεῖτο 43, 7.
6661066666 36, 10. 35, 14. 49, 8.
ἡνεμόνιος 24, 1.

6626066 20,15. -ι24, 2.

ᾔδε’ 27, 6

ἡδέως 68, 1.

666 6, 11. 12,13. 22, 16. 25,
326,10 32,9. 42,14. 44,2.

45,18. 71,17. 72,13. 75,18.
6326v60,12.

ἡδονήν 45, 9

666193 69, 13.

ἠερόεντα 28, 16.

,θη 60, 19.

ηκισταὸ, 6. 36, 4. 38,19,40,19.

ἡλιαίᾳ 60, 10. -αν 10, 7. 66,
15. αις 23 19.

ἥλιος 65, 2. 65, 6. 66, 18. 69,
4. ιον 723 ίω 73 20.
ἡμεῖς 3, 3. -ᾶς 9, θ’, 20, 19. 24,
3. 67, 8. 58,1, 65, 20. -ἴν 3,
7. 5, 5. 5, 6. 13,19. 15, 7.
18, 14. 22, 3. 74, 7. ·ὤν3, 8.
14,.,.,,,.1202321331835,
11, 44, 1. 66, 21.

ἡμέραν (Ξ5, 9. ·ας 69, 15. 72
η1ιῗροῇςῖμ51α1128εέων 23, 6.
ἡμετέρα 32, 16, 17. -366623,
,133192 ⁹
ηνιοχονμένονςθ, 1, 2.
ἥπατος 32, 15, 16.

Ἠπιόνη 71, 3.

6666 73, 9. -ίον 71, 5.
ἠπίως 70, 6.

Ἧρα3, 16 αν 19, 8. 26,13.

counuwus,ed.116ng.

26, 18. -ας 33, 15. 33, 16.
Ἥρη 27, 6.

Ηρακλής 62, 23. -κλέονς26, 1.
ἥρωος 63, 11. -ας 63, 4. 63, 5.
Ησίοδος 28, 4. 56, 3. 68, 8.
-ον 45, 23 -όδον 31, 13.
ῆσνχία 71, 15.

6666606 30, 19.

ἤτοι 63, 10616— 66, 4, 5.
16,,’.,,.,,’.342112381314
51, 12, 13, 66, 8, 10. 60, 17,
19.71,13,14..6wt—-6—6
4,2,3,.’413,1,,21415,57
21, 68, 1. 66⁰6- εἷ’τε- εἴτε
-εἴτε εἴτε 24,13, 15, 16,

,17,18,

ἡττᾶν10,16.-ωμένονς45, 7.
Ἠφαιστος33, 14 34, 21. -αίστφ

20, 13. 33, 9. 33, 11.
ἠχήεσσα 42, 10.

,66⁰⁹ 42, 9.

Θ.

3α1ασσης43, 17.

θάλαττα 29,18. 44, 16 -αν1
227 1. 14111313πῄ
44, 23. 46, 5. 62, 21. -άττης
42,54.2,.,9431962,18
Θά1εια 16, 3. 20, 10.
θαλείαις (f θαλίαις leg) 16, 5, 6.
θαλίας 62, 8.

&allow 16, 3. 38, 21. 75, 11.
9311ει57,20.τε6η1ως2718.
θαλλοός 23, 4.

θαμίζει 61, 1.

θανατονὸ, 6. 70, 7. -ἄτον5,
7. -ατονς 65, 13.
θατερον8, 16.

θαπτον 70, 16.

Θαύμαντα 48, 19.

θαυμασμόν 49, 3.

θαυμαστόν 73 718.

θεᾶς 37, 2. α( 119.

Θεία 91,“3

 

