ιΝοΕΧ VERBORUM. 87

δατεῖσθαι 62,13. δατεῖται δηλονότι 22, 12. 26, 20. 42, 1.
δάφνη 68, 11, δηλοῦντα 6,13,14,-ο5ντος
δαφοινή 68, 11. 71, 4. -οόσθαι 67,
δαψίλειαν 60, 21. , Δημήτηρ 62, 17. 63, 18. 64,
δαψιλῆ 46,1. 10. 66, 6. 67, 4. Δήμητραν
δέ passim. 62, 10, 66, 18. Δήμητρι 66,
δειν 19, 16. 64, 7. δεῖ 18, 1. 14. 56, 6. Δήμητρος 52, 4
1mmmmwmm.5„1'awmffi5
33, 8. 44, 24. 63, 8. 64, 11, Δημητριαιιοό 64, 20.
70, 12. δέοντος 12, 3 18, 8, δημιουργός 13, 20.
9. 19, 13. 20, 5. 24, 1, 25, 5. δήμοις 17, 7
26,2.,,31643259,270, Δηῶ62,11.
16 δεοοσαν 243 τα δεοντα διολ ο. acc. 1, 9.
6,ι. ωιεᾶ, ι.
δεδεμέναι 34, 12. δεθείς 32, 6,.4 6.16 9,1 1.
15. 1661617. ,18,10, 9.
δεινότατος 31, 9,10. 11,16.12,4.12,6.12, 3.
16, 0

3, 3,
4, 5,
9,1

3. 6.
5. 7.
2 9, 0.
10

δεινότης 39, 6. 13, 10. 14, 10 15, 3. 6, .
mmmm m5wffl364 ’ν
δεῖσθαι 57, 5. 60, 4. δεῖται 16,11.17,9,17,14.17,15.
23,15. 32,18.18,2.18,10.18,12.20,11.
δεισιδαιμονεῖν 76, 13. 20,13. 22, 6. 22, 9. 23, 2.
δεισιδαιμόνως 50, 16. 24, 6. 26, 21. 28,10. 31, 11.
Δελφοῖς 67, 9. 32, 12. 32, 23. 33, 2. 33,7.
δενδροκοποονται67 19. 33, 11, 33, 19. 34,4.36, 17.
δένδρα 62, 5. δένδόων 67, 17. 36, 2. 36, 4. 36,13. 36, 19.
δεόντως 69, 10. 37, 6. 37, 14. 37,18. 37, 19.
&Qm,5mv 6,2658666
δέρκεσθαι] δεδοριιε 377 δρα· 17. 40,13, 41,10. 41,16.
ιιεῖν 64, 2 42, 13. 43,16. 44, 4. 44, 11,
δεόειν3, 10. 44, 18. 44, 22. 46, 6. 46, 7.
δεῦρο 65, 6. 67, 10. 45, 8. 46, 10. 46,13. 45, 16,
Δεός3, 10. Δεός3, 12, 46, 16. 46, 17. 46, 5. 46,12.
δευτέρα 66, 16. ι 46,’14. 46, 15. 47, 4. 47, 14.
δεχόμενος 74, 16. δεχόμενον 48, 16. 49, 6. 49, 7. 49, 10.
.20,2, 2,746. 49;.;.1860150,.1252,.1
δή6,4.,910.,.,,16192320 62,.,66276.2,862,.962
24,.;,;.,’.8281328173019 15.53,5.,’.,’.:53453753
3343722 474.49,8 22.5,.,.41364165,4.,66
60,8. 6214 56613 57 858,

571
6,,,11060

δηειν 62, 13. 11. 69, 4. 59, 20.
Δήλιον 67,2, 17. 60, 21, 66, 25. 1, 3. 61,
δηλον2,11.10.61,14.62,3 62, 8. 88,
Δηλον67,6 8.,662.,856.88,8.8’1,2ι

0
6

 

