INDEX VERBORUM.

νύμφαι 44, 5. -αις 60,13.
'.“9 44, 8. 49, 14.

νύν12,15.13,15. 29, 11. 31,
17.41,20.41,.,8767.

νύξ] νύιιια 18, 3. νυιιτί 18,
1. 71, 15. νυιιιό, 18, 4. 18,
6 2916. 71,14. 7,216.
νύκτας 17, 20169,16.νυξί

Νύξ 29, 13. Νύιιτα 28, 6.
Νυκτός 28, 6.

Νύσιον 58, 4.

νύττοντες 39, 19.

νυχίαν 72, 17.

νῶτα 43, 17.

Ξ
ξένιον9, 15
ξενίων 194
ηραίνεσθαι 68, 2.
υλώδους 33, 21, 22.

ξ
6616 63, 16. ὃξύλων 39, 8, 9.
,ξυν3ἦσαι 27,

0.

6, ἡ,τὸ ceteraeque miquli
60rmee passim. τοῦ καθ’ 6
38, 9. τοῦ παρ’ 636, 21.
· aaa( διὰ τό) ο. infie, 6.

16, 21. ,11, 14. 12, 9. 15,10.

28,18 30, 19. 39, 3. 46, 10. 51,
16 52,11. 53,12. 53,14. 55,ο
6 6014. 65 5 67,17. 68,
9 74 9 τω ιια6οις 22 4,5
ὀβριμοπάτριι40, 15.

1118111118 ,11, 58, 1¹4

ὁδεύουσα 72, 15.

οὸον 24 3. 24, ..15 624 7
-οἵς 23, 22.

ὀδόντα 55, 1.

ὀδυνηραις32, 19.

107

ὀδυνηφόρου 60, 6.
668ν2,12. 5, 3. 21,10. 25,
66,669.6‚26
8. 57, 4. 61, 20.
οίισθύι οἴονται 19,15. 65,
18. ομαι31,14.17,16.
οἰκεῖν3, 13. 11,16.
οἰκεῖον 10, 9. 40, 12. 51, 18.
59, 22. 68, 14. 72, 5. -εῑα
45, 11. είοιις 50, 21. -είους
51, 19. τῶν οἰκείων 51, 15.
ίοιιειόιητα 62, 8.
οἰκείως 13, 11. 26, 5. 50, 11.
53,19. 566 57,16. 61,3.
6,e.mmwm
οίιιύὶμοιτοι 43, 1.
οἰκίαις 73, 2.
οίιιητήριον 29, 10. 45, 21.
οίιιον 51, 16 οίιιου 37, 21.
ο,.υς536 ων,217.’
οἰιιονομίόι 37, 4.
οἰκουμένης 53, 22, 23.
οἰνος 57, 21. 58, 9 59,19. 61,
3. 62, 21. ὀν 58, 12. 60, 3.
61, 11. -ov 60, 15.
οἰνώσεως 60, 20.
6566'66656
3.36,..17.,46252,1856,
20. 58, 1. 62, 9. 75,17.
οίος] 066 35, 18. οἵαν 74, 3. ’
οοίν (m .)34, 7.
οἷονεί 2, 15. 4, 14. 7, 14. 28,

οἰύτιιιήν 55, 6.
118111111181111181 62
23. 66,11. τῶν 616ν3,1.
,37.7,’.,.,.’,2217137448
161917.

ὀλίγον 17, 16.

ὀλλύναι 57, 14.

τὸ ὅλον 016nino 30, 10.
61ον(ιου.ιο.)17,5.18,.5 529.
ὀλοόφρονα48, 15 .

 

