INDEX VERBORUM.

115

3, 4. 61, 12, 14. πότερον- 6 προνοεῖσθαι 48, 16.

-ἥ 51, 7,8, 10.

ποτίμων ’,,44 5.

πότοις 59, 6. -οος 58, 18.
ποῦ 48, 4.

ποάς] ποδοῖιν 26, 14. ποδῶν 23,
15 26, 19 ποσί(ν),59 1. 60,2.

πράγματα9, 21. 40, 8. -άτων

30, 15 67, 8
πράξιν 24, 1, 2. πράξεις 3612.
πράξεων 19, 9.

πράττειν 15, 6, πραττόμενα

πραϋντιιιόν 71, 4.

πρέμνοις 62, 7.

πρεσβεύειν 64, 17.

Ιπρεσβυτάτην 13, 7 -ον 48, 7.
πρεσβύτεροι 12,16. -έροις 76,
7. -ἐρονς23, 16. ἐρων60, 12.
πρεσβύτης 60, 10.

Πρίαπος 50, 15

πρό 16, 8. 28, 7.

προάγειν 23,10. -άηριν 24,.7
-ήηαηε 35,5. ηχθησαν 783
προαιρῶνται 17, 9.

προβαίνειν 33, 21. -βεβηιιάσι

προβεβ1ηιινῖα 37,3.
προγενεστέρων 17, 1, 2
προδεδοημένα 25, 16.
πρόεισιν 50, 15,16.
προεστώς 51, 13.
προκατάρχειν 19, 18, 19.
προκείμενον 23, 16.
προλαβόντες2, 8.

προλέγειν] προείρηται 41, 18.
προειρημένος28, 17. 81, 8, 8.

-ἑνην 153 -ἐνον32,17.-ἑνας

πὲἓριιῖθάιάν 32, 1. -είας 32, 7.

προμηθεῖσθαι 33, 5.
Προμηθεύς 31, 19, 20. 32, 6.

προνοίᾳ 35, 8 πρόνοιαν 32, 2,
3. -νάίας 32, 16.
Προνοίας 35, 8.
προόρασιν 32, 23.
7331131473
mffimfflmwwfi
9.Qmffi4QffiQL
24,4.24,18.25, 1. 26,12.
32, 4. 33, 84, 1. 84, 10. 34,
11. 35, 3. 11. 87, 13. 39,
12. 43, 3. 4. 44, 24. 46,
16. 50 3 8. 51, 9. 52, 2.
52, 18 5 6 55 8. 56, 16.
56, 24. 58, 3. 60, 14. 61, 3.
62’,.,.,’.,36246286721.
68, 3. 68, 13. 68,17. 70, 12.
71,.,.,.,.207311758764
προσάγεσθάι 45, 14.
προσαγορεύουσι8, 17. 12, 2.
39, 8. οντες 66 20 67,1.
68, 9. προσαγορεάεται 8813.
-ονται 38, 4 -ομὲνον 8616,
¹17.7666666667417.-666-
ρεοσαν5, 19. 52, 7. 56, 19,
20. 68,14. 74,6. αηο εοσάν-
των 41, 2,.3 -6606666666664,
14. α-σι 65,.7 -ηηορεάθη 75,
4. -ηγόρεοται 13, 17. 20, 10.
προσανεπλάσθη 72, 19.
προσάπτειν] προσηψαν 67,8.
προσαρμόζειν]προσηρμοσμένων
προσβοηθεῖν 38, 12.
προσγειότατος4, 17,18. -ον
προσηινοάένων 52, 3.
προσδεδερενη 32, 19.
προσεδρεάσαντες 75, 16.
προσεοικέναι 13, 9.
προσεορεσθαι 35, 5, 6.

ἐ
6,
6
m
1

32, 15. 33,.7 'ska 32,1. -έως προσεχοννας 14 11. -όντων21,

32, 22.

17, 18.
3*

 

