126

τηκόσιν 74 22. τετελευτηκότας

2,10.

τέμνει 69, 3.

τέρπεσθαι 16,10. .
τέρψιν 16,12.

Τερψιχόρη 16, 10.
τετράγωνος 26, 12 bis. τετρα-
μοόνους14, 10.

τέτταρες 16, 2. 16, 8.
τεύχειν 16, 19.

τέχνης 71, 1. -αι 66, 2. αις
38, 17. ας 26 4 -ὦν 33, 6.

33,12.

τεχνικοί 20, 14. 34, 9.
τὲως8, 1. 44, 9.

τῇε ᾖ22, 11.

τῇδε 61, 6.

766666, 14. 61, 2. -όν8, 13.
τηνιναῦτα4, 6.

τηροῦντα 61, 9.· -ος 67, 22.

τίθεσθαι 6 6 26, 2 τεθεῖσθαι

62, 8. τεθειμένων 66, 9.
τιθηναι 62, 19.
τιντουσῶν 74, 1, τικτόμενα 74,

2 τετοκέναι7, 8. τετοκυῖα

6666664 41, 12. τιμῶσι6, 13.
τιμήν 24, 16. 66, 7. 76,10.
446667666 42, 2.

τιννυμὲνου 11, 7.

τις 14, 10. 18· 4. 19, 13. 21,

6. 24, 7 26, ’.6
τι 6, 6. 6, ἰν.
-ιε,4. 16, 21. 2
67666
27, 26. 26, 1. 26,
6616. 61,7. 32,

26,
2

13. 64,.2
6,'.2
20,
2
3

1
0,

66, 6. 66, 16.
4216 44', 2.0 44,’ 6.
646. 61, 26.
67,16. 666
66, 22. 64, 1.
66, 14. 66, 11. 66'‚4

1.
2.
4.
4.

14.
,7
2

6
3
6,
64,.166
69,.16
64,6.6
70972 6.
τινό(ο,)2’3,

6,’1.
4,1.
76,.
74’

INDEX VERBORUM.

42, 9. 64, 16. τινί 47, 8. 66,
8. τινός 14, 14. 16, 7. 21, 8.
29,.1 32,18. 3321416
666666666
13. τινές2, 6. 2, 13. 18 7
18,.919,.619,16.21,.733,
16 3322 41968460
4.,617.,66’2.,73'3.4w6
(pl.)12,6.16,11. 30,11. 60,
17. 31, 4. 31, 14. τινός6, 8.
12, 9. 26, 16. τιηιῖιν 10, 21.
66666666
66, 26. τισί(ν,)3 10 16,1.
44, 4. 67, 4. 71, 17

τίσιν 11, 17, 18.

Τισιφόνη 11, 6.

Τιτάνων 30,1 62,10,11.
τοι 68, 6.

τοίνυν 28, 3. 31, 19. 66, 1.
τοιοῦτος 14, 11, 12. -66766 6,
17.7419,21.62,14.66,
9. 66, 1644, 26. 64, 16, 16.
69,1. (masc.) 39,14. 429,
76766766 21, 8. 41, 6. 70,16.
76466761 60, 24. τοιαῦτα 11, 1.
τοιοότόις 11, 7. 47, 18. 66, 1.
64, 2. 71, 16. -οότων 9, 18.
41,13. 46,12. τοιαντη 4216.
47, 2 -ην 11,14. 36, 19. 61,
6. 63, 7. -ας 66, 4.

τοκετοί 73, 14.

τόνους 69, 14.

τοξείας 46, 8.

τοξότης 47,7. 63, 21. -,ας663.

6,19. τοξότιν 71,18, 19.
0,10.
6, 6.
9,1. 66666666 76, 9. α-ότα 62, 22.
7, 6.
6
2
6
2
9

τόπος 64, 9. 67, 12. -ον8, 12.
-669,9. -ῳ76,6. -αν60,10.

-οότους 8 8 16,9. 40,1.
τόσσον 66,17.

τότε7, 12.
τουτέστι 14, 8. 66, 16.
τρόμον 60, 20. 60, 26.

,73 . 766665671 49, 6.
,24, 13. 34, .

τρανός 21, 2

 

