INDEX VERBORUM 119

σθαι 31, 7. τιθέμενοι 66, 16, ταυρωτιοάς 42, 17.
16 -ετέθη 62, 11. τάχα3, 1 3,10. 6, 2 6,17.
συντιμάν 72,19. συντιμᾶται 16,8. 16, 13. 24, 3 30, 16.
47,2, 32, 14. 41,6 . 43, 19. 45, 5.
συνφο6ν 67, 18 71, 19. 46, 19. 46, 22. 60, 1. 60, 2.
συρίυτήν 60, 1. 60, 12. 60, 13. 53, 2. 63, 9.
Σάροις6, 11. 69, 20, 60, 24. 63, 3. 33, 13.
σύρρυσις (συστ-ρευτιρ 62,16. 66, 6 68, 16. τάχα (δ’) εί =
συστάσεως 32, 6. forsitan 36, 7 τάχα μέ -
συσφίγφειν 46, 4. ταχα δε 3319, 21. 36, 10,12,
σφαγιαζουσι41, 10. ταχέως 72, 4.
σφαγιασμοις 73, 4. τάχος 72, 5. τάχει 30, 19.
σφαιροειδοῦς 66,1.0 ταχύ 21, 16. ταχεῖαν 43, 19.
σφάλλειν 62, 6 όμενοι 70,16. 48, 8:
ἐσφιγμένον 73, 10. ταχυτῆτος 21, 14.
σχέσιν9, 19. ·εων 31, 6 τ210,3.19,14.22,11.26,14.
σχῆμα 22, 20. 66, 10. 73, 11. 26, 16. 33, 2. 62, 1456, 12.
σχήματι23, 12. σχηματα 729 67, 3. 62, 9 72, 6. τε ηὸὲ
σχολαιον 30, 20. καί 27 6. τε ταί 16, 6. 16, 2.
σώζειν 21, 10. 61,1. 61,16. 26, 10. 43, 8. 46, 4. 48, 13.
σώζεται 3 9. σεσωσμένοά 27, 62, 10. 53, 3. 53, 12. 64, 19.
3,.4 68,127217761314
“ σωκος 21 6. · τε·- -καί3, 19, 20. 17, 2, 3.
σῶμα 62, 16. σάματι 69, 20, 24, 6. 26, 18, 19. 28, 16. 38,
70,1·6ς26,.336,13.-ασι 21.,.,,.,,4024078401112.
63, 6. άτων 58, 8. 68, 1. 42 4, 6. 46, 15 50,33. 63,16.
σώτειραν 37, 20. ,66, 2, 3. 68, 7, 8. 60, 8, 9.
Ι..σωτήρ 21, 7. 61,16. -ἦρα9, 60, 18. 63, 22. 64, 1. 68, 10,
’ 14 -ῆροέσι,2. 11. τι,2ο. τε, 1. 73, 17. τε,
σωτηρίας 2, 20. 48, 17. 16. τε- τε 29, 18, 20. 30, 4.
σωτηρίους 10, 5. 45, 24 66, 9, ..10 69,13. τε
.-τε- τε ’,,30 6.
Τ. τείνεται 27, 1'.
τ 43, 9. τέλειος 23, 20. -είου 10, 7.
ταλασιουργίας 38, 18. -είων 10, 3.
τάνθάδε 32, 13. τελειοτὲρά 31, 13.
τάξις7, 22. ει 12 18. 32, 23. τελειότητα 16, 3, 4. 69, 4517]-
ταραχάς 60, 7. τος 14, 14.
ταραχῶδες 41, 10. τελειοῦάθαι 68, 11, 12.
τΊριραχωδὲσὲεέοὲ 40, ‚72.8 16 17 τεῶεσιφὶιρεῖσθαι 73,16. -ηθῆναι
αρταρον ·α .

τάττεται 47, 13. τεταγμένῃ 41, τελεσφόρον 66, 7.
20. τεταγμένοις4, 2. τελευταῖον 6, 8. 7, 17. 73, 2.
ταυρος 42 20 οι 42 12. ταυ’- 74, 6.

ρους 43, 13. τελευτῶντας 76, 10. τετελευ-

 

