184 INDEX 33133013313

4. χείρεσσι 433 χειρων 86 χώραν 88, 5. χῶραι 67, 19.
16. 87,14. 71,.1 χέρες64,64 χωρεῖν6, 6. 66,10. 74, 7.
Χείρων 470, 17. 74, 80.

χθονίαν 78, 16. χωρ’ίζειν67, 10. ἕχ6ρισαυ68, 14.
χ66ν 33,.’3 66,8. χ667ωι 66, χωρίοις 71,1.7 -ίων 61, 11.
16. χ66νί 68,7. χωρίς 17, 18. 48, 16.
χλοάζσυτα 66, 15

Χ16η66, 14.

χορείας 18, 88. Ψ·

666666666664647, 17, 17. 1959022233033112 ⁶⁹ 2³· ·⁰v 50,

{3553 ἐᾷ’ ,4,44 ψυχαγωγεῖν 88, 8.
χρυρν66,1.8 ’444444 ”444’4 ’444

υ 7 ⁹ υ 77 7. ,’7. 7

6666666476, 744 77 17. 77, 17. ξ’, ‘7⁵2 44, 4,,44748 44 444

86,.8 84,.4 46,417. ὤνται

77,7.1’7,.761,7,’6 33, ’4464470444 414·

84. 61, 88. 66, 80. ρόμενυι

67, 1. 70, 8. 4χρω4μ6476υς 81, · Ω,

6. 68, 6. χρωμένων 87, 80. 44,

1,.8468,,.,.4141660116χρ6ν-4 61,.,.,11488811.41,.18

τυ 30, 416. 7147χρηχ416νυυ 48, 7. 68, 4. 66, 1. 33’, 1. 76, 8.

-μένωυ 88, 1. 6674 66, 8
χρησίμη 76, 8. ·ίμηυ 60, 16. ᾠδῆς 648, 9. 3333 16, 16.

χρησιμσν 84 18. ίμων 66 84. 6617777 486, 6. 667776 84, 81
χρησίμως 68,4 8. · 66ίνοσσαι4 76, 10
χρῆσιυ 88, 140. 68,16. χρήσει Ωκεανυς81680,18.·6ν8,10.

66,14.1611671ς8,18.
χρη4σμ67 67, 14, 16. ὅραις 60, 81.
χρυιαυ48 18 684, 11. ας60 18 411ρῶ9 10, 4. Ωρας 67 7.
χρηίζει 71, 7 3 ⁴391ss 47, 71. .
3331. 777117 33, &01331’ .

6. -συ4,.8 ων 184 67, 81. 7667677781 mi 67
χρυσοκόμαν 66, 80. 6ς8, 11. 8,16;48,7. (-46771
χρυσόρραπις 814, 16. 76 67786)64, 18. 6, 8. 7, 16.
,7777777174 771717. 17, 67. 13’, 13
133333331} 77, 17. ’ 147 1'1‚13.1’3,13. 16,.
χρυσωωός67,1. 18,8.18,10.18,14.18,.8
χρωμάτων 484, 18. 18, 10. 148, 18. 481, 7. 488,
{533313, 28, 8. 17. 84, 1. 84, 16. 84, 41
’ χωσατυ 66, 17. 86,6. 486, 80. 8

χωίαίυιινὸ44,8 87,8. 87,14. 8
χωλός 66, 184. -6ς 18, 6. 60, 80. 61,14.8

3
3’3,3
3,’.3

3,1.
7’.77
7.7,77ι,

 

