INDEX VERBORUM.

τριζν 37, 12.

τρεῖς 13, 3 15,2.15,3. 19,
18. 19,19, τρία 15 4. 37, 15.
72, 9 τριῶν 13, 11. 69, 2.
τρέμειν 37, 13. =

τρέπειν 71,13. -ων 22, 17.
τρέφειν 52, 10 -οντας 6,6 12.
-εσναιτο,18.-εται59,,ο..

121

τόποος6, 9
τόγηςιι (έν -)15, 11.
Τόγη.13, 18 ,

Τ.

όβρεως7, 19. -ιις 60, 7.
όγιείας 69, 20.
,Τγίειαν 21,11.

·ομένων7, 16, 17. τραφέντα όγιεῖς 65, 19.

7, 9, τετροφέναι 70, 17.
τριάδος 15, 3.

τρίαινα 43, 2 α-ν 43, 6.
τρίβεται 54, 4. τρίψας 54,7, 8.
τρίγλαν 73, 5

τρίμορφος 72. 8

τριοδιτις72, 13.

τριόόων 72, 14.

τρίπους 69,1.

Τριπτόλεμος 53, 23.

τρισσόν 13, 4.

Τριτογένεια 37, 11, 12.
τρίτον 72, 10. -η13,9. -ην 20,
Τρίτων 43, 9. 43, 11.

τριχῶς 72, 14

τρόπαια 39, 8.
τροπαιοῦχον9, 16

τρόπον 13, 3. 26, 13. 32, 23.
42, 21, 4,4, 17. 52, 10. 54 4
κατὰ τρόπον 27,11. 76,14.
44440442,17.59,19.·481,
τροφή 43, 21. -ήν 56, 15.
τροφοῦ 40, 16.

τρογητής 62, 20.
τροομένῃ 37, 10.
τρυφερόν 18,12.
941άέ3413. 44⁶4? 3411

. -οένιρν 23, 20, 21 έτνέεῙ, ,.3

τογόνβοέὲο) 23, 20. ο τνχόν-
τες 76, 3. τογοόοα, 29, 5. τε-
τεοχέναι 66, 1. -ότα 19, 20.
τομπόνοιςὸ, 14. -ων 59, 23.

ὑγρασίας 44, 24, 45, 1.

ογρον 27 9. 28, 8. 41, 20,.
43, 13. 45, 3. 66, 6. όγροό
4,12. 29,14. 32,2. όγραις

όδωρ 4, 10. 6,14. 28,13.
42, 14. 60,15. ατων 425

όέτιος9, 12.

οἰός 40, 14. 55, 17. 63,10.
οἷόν2, 7. 4, 9. 44, 10. 47,
3. 70, 3

Mamm 72, 1

όλη53, 1. 444 13,16. ὅλης
4, 4. 33, 20. 50, 9. όλαις
71,16.

ὑμνεῖται 17, 2.

4440464 17, 1.

444049 1516.

όνεως 54, 22.

4n4vtqoev 50, 10.

νπαρχων 217. 49,.2 51,15.
6,1 17. 63,3. οπαργον 1011.

όπέρο. acc 9,6. 9,9. 54,18.

ιῖιτιέρρ. gen. 63, 18.

· 444444440, 17.

νπιρβολήν 21, 6.

Ῥπερίων 30, ,17.
τ’,ιπερμαγητιιιή 99, 4.
444404444642494348, 2. 74, 7.
4440. dat. 60, 5.
ὑπόοᾘςοοῌ. 6,2. 7,5.
7,9.10,2011,8.14,1.
16,.8 1917 1918 22 21

 

