INDEX VERBORUM. 85

βουλευόμενον 74, 12.
βουλῆς 36, 21. -αῖς 24, 3.
βούλημα 22, 2.
βουληφόρον 37, 9.
βυότιαιὸος 66,16.

βουσίν 38, 15.
βραδυτέρας 34, 2.
βρασμόν4, 3.

βρέφη 23, 11.
Βριάρεως 27, 17. Βριάρεων

27,12.

βριήπυος 41, 8.

βρίθων 61, ¹12.

βρόμους 69, 2.

βροντας9, 7 βροντόνὸ, 12.
βροτολοιγός 41, 7

βωμον 2618,14. βωμοί 126

Π

γαίας 42, 2

γαιήοχος 42 21.

γαίων 27, 18.

γάλλωνθ 16.

γαμουμένας 44, 7, 8.
γοίρ2,.9 2,18. 3,17. 3,19.
6,.,.’,.,.’,662076711716.
8, 11. 8, 15. 9, 21. 10, 3.’ 10,
16. 11,10. 11, 21. 12, 4. 13,
16. 13, 18. 14, 12. 16, 8. 17,
5. 17, 16. 19, 7. 20, 17. 21,
9. 21,13. 21,16. 23, 2. 25,
3. 26,14. 26, 2. 26, 16. 27,
17. 29, 1. 29, 13. 29, 18. 30,
3. 30, 10. 30,12. 32, 3. 32,
6. 32, 16. 33, ,2. 83, 3. 83, 4.
33, 13. 33,16. 34, 8. 36, 2.
36,.9 3613 3773713
38’,.’,.,’.2386381239,“6.
3916 4024017413
42644646114628
47,13.48,14.49,1.49,13.
60,.8 5,.25 63, 20. 64,2.
6416 6617 669673
67,13. 67, 19. 68,9. 68,12.

61,3.,629 621 19 636.
839. 63,4. 69,.20 66,2.
85,11. 66,1.768,6.68,.8
69,11. 70,4.4,708 70,13.
71,9.,.72578,14. 74,10.
γε 40,1.2 46,13.

γεγωνόν 41, 10. -οὖ 21, 20.
γενεαλυγιαις 27 21. ίας 31 13.
γενειῶντας 23,17.

γένεσις 302. 68, 14. γενέσεως
7 12 7, 22. έοει 292 31,
12. 5γένεσιν 31, 11. 36, 18
51,5 (hoc 1. fort. γέννησιν
lm

γενική3, 12.

γενικώτατα 72, 9

γενναῖον 34, 19. 40, 11. 68,
12. -αίους 63,6.
γενναιόταταὸ, 19.
γενναιότητος 63, 19.

γεννᾶν 28, 19. 29, 1. γεννᾷ
61, 2. γεννῶσι(ν) )9, 4. 66,
16. γεννῶντα 61, 1. γεννα-
σθαι 61 11. γεννωμένου7, 6.
11113313173
νησε(ν) 29, 6. 29, 10. 36, 20.
48, 19. γεγεννῆσθαι 23, 7.
γέννημα 23, 8. 34, 20.
γέννησις 68, 14. vid. γένεσις. ”
γεννητικόν 62,16.

γένος 81, 20. 66, 4. ους 63,
7 -η16,437,16.
γεραίροντες 66, 8.

γεραιτέρων 64, 7.

γέροντα 44, 18.

γεωργεισθαι 23, 6.

γεωργοί 60, 24. 6212.

γῆ 63, 8. 66,13. γῆ4 11.
42,4,.466 γῇν1,.,.2311
4,1..„.,2714829926
20. 34, 3. 48, 16. 62,11. 58,
7fflffiffiffimwww

zuwmeWQQ

 

