INDEX VERBORUM.

555155 52, 1. 65η 45, 12,
53,1ο,

ὄρνις 1⁰,1’1.4·1,6.1v¹⁷ 41,15.
ἤρας 5, 13, 53, 4. -ὄρη 29,

17. 22, 22. ὄρεσι 6,1. 17,
13, 5ο, 4 domv6,16.6,4A
55, 1ιῖ 72, 74
3523, 20. 2¹4, 2, 23, 3. 3ο, 19.
47,.,.45517 32,14,.214
5,’35,1“315,13,13,Ῐ,225
214 23, 9, 23, 13, 35, ’21. 41,
4. 49, 3, 52, 14. 55, 3, 57,
3, 52,Ὺ 10. 31, 15, 55, 12. 72,
11 554, 14. 7, 14, 2ο, 12Ῐ
25, 17.27,13,5’24 9430,11.
3ο,14. 3ο,ι74 3ο,13. 60¹ 15.
54, 4. 53, 1. 73,19,o=5(d⁴p³-)’
2,2, (ni-³2¹¹ —) 37 22. (ἀφ ’-)
333 (34- )33, 12, (ἀφ -)33,
17 (αφ -)4219455,14
ψ’ᾼ) 30, 3. (Ἀφ’ -)61, 14
(fe—ma, 3 57, 12 31, ’15,
35, 2, 51, 13. ἐφ’ 5553515-
5513511320 ⁷741, 1. ἥ55, 12.
7,.,223412,1713,1.13,2.
ι7,9.ι7,15’,251“043,’412
32,2. 41,.5 55,44 34,’,ι3
66', 14 “1¹⁶⁴ 57 16. 73, 3.
75,15,η213, 1, 17, 74 ’17,
13. 72, 12, 5153, ι’. 53,
341,4,45231,23,.17 49,
19. 5ό, 17, 5’1, 2. 52,14 69,
234 52, 14 532, 104 ἅς 11,
15. 32,,15 45,’2,4313
οἵς2,5’,315.ιι,4’,.115ι
15 ibis. 41,,13. ’,53 5, 57,
22Ῐ 75, 3. 5υε2, 13. 57, 15
..ἓν 15, 4. 12, 17, 12, 134 22,
13, 23“, 21 27,14 49,15.53,
21. 57, 7. 52, ’3
omae ’54, 17
ww (παρ’ -) 43, 3 (καθ’ -)
51,13.7ο, 15.
ὅσι’7, 2. 17, 1. -mv9, 17.
asma* οπερ 4, 5 22, b. 22,

109

22. 27, 2 312046, 1A n‘wmp
49, 16.

ὅς 'n]' n 46,1.

zum-101. 17, 6 55,174 ὄιφ
neseio eui codd. 34, 5, ἥτις
3, 134 32, 124 44, 2’0, 53, 15

auriana] οὒιηιοσοῦν 31,17,

ὅτε 7,13,25,14.24,2’1.42,
2,0 vide {⁶22¹ ὅτι

En μὲν - ὅιε δι’ 72, 3,

ὅτι 2, 3 (quin) 3, 2. (quia) 5,
2. (quum, 12, 5, 74 6, 13Ῐ
7, 21. 11, 13. 17, ’124 23, 13,
2'7, 7. 31, ι2, (quiz) 33, 7,
34, 154 35, 11, (quin) 37, 12.
41, 12. (quin) 46, 15, (quia)
47, 6 hi.. 42, 13, 52, lo. 62,
12. 54, 13. 55, 154 7⁰, 9. 70,
14. 76, 2.

ὅτι mama 42, 2,

οὐ (ndu, ⁰251) 7, 154 3,11. 12,
3. 13, 2. 17, 3. 12, 2. 13, 4,
12, 12. 20, 134 21, 2, 21, 15,
24,» 2, 25, 21. 25, 14, 34, 16.
35, 134 35, 214 37, 3 bis. 37,
104 32, 1, 4ο, 9. 4ο, 104 40,
14. 42, 3, 46, 6A 52, 3. 51,
22, 52, 5, 53, 2ο. 57, 124 53,
7. 33, 15, 54. 2. 34, 14. 64,
16. 64, 174 67, 12. 71, 9. 72,
7. 72, 12. 73, 34 73,13, 75, 2.

nidmu-3624 35, 20, 21.

οὐδὲ 34, 17. 42, 15.

οὐδεὶς] οὐδέν 3, 15. 1ο,15.
17, 19 33, 7 4ο,17, 47, 1.
-m'e 37,1ο,11.

niumm 2,15.

ουθός 5311.

συκέη non item 52, 17

55151 54, 34 use 54, 3,

οὖν 7,14 7, 10. 23,1’5. 35,19.
45, 13, 41’, 4 41, 21.

odon-at« 17‚4 .

