122

26,.1227,.127,3.28,.1
29,4 30,8. 3216 3220.
33,.6 34,.3 3710 403.
418. 41, 12. 428 42 22.
48,14. 66,2. 62,7. 6216.
6317 6417 66,.1 6610.

· 57,7 6210 6211668.

64,11. 69,19.

„ ὑπόδειγμα 45, 18. 61, 16.

” νποθεικννντα66 1616. -6-ε6ει
χέναι 70, 4.

ὑποδηλοῦντες 23, 7.
6ποζενγν6ονσι 60, 16.
ὑπολαβόντων 36, 10. 66, 21.
6πε16μβαν6ν2, 18.
6πομένειν] ὑπέμεινεν 29,18.
6πομιμνήσνοντες 39, 19,
,,ιν6πόμνησιν 23, 4. 76, 9.
6πομονη’ν 66, 7.

6πονοεῖ 46, 6, 7. ὑπονοῶ 64,
8. ενόησαν73, 14 νοητέον
32,1. 76,12.

6πόνοιαν 74, 3, 4.

6πονόμοις 66, 12.
ὑποστάσεως 9, 3. ὑπόστασιν
6πόστηριο6ντιον 60, 3.
ὑποτάττειν 64, 10, 11. 6πο-
τάττεσθαι 36, 6. ὑπέταξεν 39,
81. ὑποτέτακται 30, 16.
νπονργειν 1911. οοντα201
ὑπουργίαν 26, 3.

644612. 6422. 666
6στερον 12, 9.

6φαιρο6μενος 26, 14.
6φίστησιν3, 20. ὑφίστασθαι
4,5. 6φίοταται8, 16. ὑφιστα-
μὲνον28,13, 14. ὑποστᾶσα
29, 19. ὑφέστηκεν 63, 4.
ὑψόθεν 26, 14.

Φ.

φαεννός 86, 16.
’ φαίνειν 2112. 44, 7. φαίνε-

INDEX VERB4RUM.

σθαι 446 44, 8, 9. φαίνεται
27, 7. φαίνονταιῦ, 17. 66,
,17 -ομὲνον 72,16 -ομένοον
74, 7. φῆναι 68, 6.
φα61αγο6για 61, 2

vanos 612.

φ61ιέ1ν 324, 184. 34, 6. 66666)
,32, 8. 36, 19. 37, 14. 41,
15. 58, 4. 61, 7. 66, 3.
φησί 14, 10. 17, 9. 144.
66 3 68,.8 ἔφην 74 6
ἔφη 126 20, 13. 31, 11.
’ἔφαμεν7, 22. 74,.8 ἔφασαν
2,.6 4,.8 8,1.0 18,7. 19,
22.,201. 21,1.9 23,7. 28,
15. 32, 21 33, 4. 33,16,
16. 34,3. 34,7. 46,7. 70,
3. 72, 7. 76,16. φησάντων
Φαναῖ6ν 67, 3.

φανερόν 74, 23.

φανερῶς 73, 15.

φαντασίαν 11, 14. -ας 22, 18.
φαρμακείας 71,.6 ’
φαρμακίσι 73,1.

φασγανί ων 76, 7,8.-

φειδώ 23, 5. .
φέρει22,4. -,.ονσι233 ονσιόν
73, 17. εσθαι2, 14 47, 20.
66, 7. -εται 22,4 ἐ-όμεν6ν
8,ss -ομὲνοος2,10.4νεγκειν
φενγων 62 16, 17. ουσαν 723
φθαρτ6ν6, 8

φθείρειν 66, 11. -η 69,19,
-οόσης 61, 11. φθείρεσθαι
Φθιμένη 30, 4.

φθίσει 26, 6.

φθόγγους 15, 9

φιλειν 193 46, 16. εη 66 6.
φιλὲρημοι 61, 9, 10.
φιληματων 46, 12. 48,1
φιλομειδής 45, 10.

 

