INDEX VERBORUM.

8. 35, 5. 36, 7. 37,11. 37,
19. 38,18. 39, 2. 39, 21.
w1wffimmam
661666,66
9 462 47,6. 47,13. 47,
22. (-πίπ2ιν) 515 51,10.
52 2 53,10 57,1. 60,18.
ffiffl4sswm4’4
22. 62, 16. 64, 4. 64, 5.
Qffiffiaffiffl66
6646Μ266
69,.5 69, 11. 69, 20 71,11.
73, 14. 74, 6. 74,12. 74,17.

75,.7 76,12.

2122125,.4 13,14. 21,.7 28,

125
10. 25,7. 27,16. 31,12.
33, 17. 33, 22. 3,.73 42,17.
42, 23 5913 60,.5 668.
ὡσανεί 37, 10. 41, 2. 46,11.
52,8. 58,.2 59,11. 61,8.
2312516122468, 1.

21222223, 3. 13, 21. 32, 20.

ξς,14.,,4418,48,.8 5413.

626222416639, 19. 2132 20.
(52222313. 5615. 63, 10.
65, 6 68,14. 71,16.

46226126654 43, 13.
ὠφελίμως 19, 11. 20, 2

 

